	(1)	(2)	(3)	(4)	(5)
VARIABLES	No Controls	Months from First Publication	Months Exp	Pubs Exp	All Controls
					
time24_1	0.350	-0.0752	0.350	0.350	-0.0752
	(0.273)	(0.144)	(0.273)	(0.273)	(0.144)
time24_2	0.273	-0.144	0.273	0.273	-0.144
	(0.248)	(0.156)	(0.248)	(0.248)	(0.156)
time24_3	0.273	-0.134	0.273	0.273	-0.134
	(0.246)	(0.145)	(0.246)	(0.246)	(0.145)
time24_4	0.322	-0.0761	0.322	0.322	-0.0761
	(0.224)	(0.195)	(0.224)	(0.224)	(0.195)
time24_5	0.270	-0.119	0.270	0.270	-0.119
	(0.194)	(0.217)	(0.194)	(0.194)	(0.217)
time24_6	0.139	-0.240	0.139	0.139	-0.240
	(0.140)	(0.214)	(0.140)	(0.140)	(0.214)
time24_7	0.148	-0.222	0.148	0.148	-0.222
	(0.124)	(0.221)	(0.124)	(0.124)	(0.221)
time24_8		-0.361			-0.361
		(0.253)			(0.253)
time24_9	0.0691	-0.283	0.0691	0.0691	-0.283
	(0.121)	(0.262)	(0.121)	(0.121)	(0.262)
time24_10	-0.00381	-0.346	-0.00381	-0.00381	-0.346
	(0.136)	(0.293)	(0.136)	(0.136)	(0.293)
time24_11	0.241	-0.0918	0.241	0.241	-0.0918
	(0.153)	(0.309)	(0.153)	(0.153)	(0.309)
time24_12	0.266	-0.0576	0.266	0.266	-0.0576
	(0.177)	(0.320)	(0.177)	(0.177)	(0.320)
time24_13	0.134	-0.181	0.134	0.134	-0.181
	(0.170)	(0.290)	(0.170)	(0.170)	(0.290)
time24_14	0.445**	0.140	0.445**	0.445**	0.140
	(0.211)	(0.318)	(0.211)	(0.211)	(0.318)
time24_15	0.477**	0.181	0.477**	0.477**	0.181
	(0.203)	(0.300)	(0.203)	(0.203)	(0.300)
time24_16	0.431*	0.144	0.431*	0.431*	0.144
	(0.223)	(0.324)	(0.223)	(0.223)	(0.324)
time24_17	0.352	0.0748	0.352	0.352	0.0748
	(0.235)	(0.320)	(0.235)	(0.235)	(0.320)
time24_18	0.399	0.130	0.399	0.399	0.130
	(0.244)	(0.349)	(0.244)	(0.244)	(0.349)
time24_19	0.315	0.0560	0.315	0.315	0.0560
	(0.264)	(0.363)	(0.264)	(0.264)	(0.363)
time24_20	0.351	0.101	0.351	0.351	0.101
	(0.303)	(0.391)	(0.303)	(0.303)	(0.391)
time24_21	0.324	0.0839	0.324	0.324	0.0839
	(0.328)	(0.418)	(0.328)	(0.328)	(0.418)
time24_22	0.448	0.216	0.448	0.448	0.216
	(0.350)	(0.439)	(0.350)	(0.350)	(0.439)
time24_23	0.329	0.107	0.329	0.329	0.107
	(0.396)	(0.481)	(0.396)	(0.396)	(0.481)
time24_25	-0.111	-0.315	-0.111	-0.111	-0.315
	(0.341)	(0.424)	(0.341)	(0.341)	(0.424)
time24_26	-0.00245	-0.197	-0.00245	-0.00245	-0.197
	(0.336)	(0.416)	(0.336)	(0.336)	(0.416)
time24_27	-0.109	-0.294	-0.109	-0.109	-0.294
	(0.353)	(0.423)	(0.353)	(0.353)	(0.423)
time24_28	-0.171	-0.347	-0.171	-0.171	-0.347
	(0.355)	(0.418)	(0.355)	(0.355)	(0.418)
time24_29	-0.152	-0.318	-0.152	-0.152	-0.318
	(0.361)	(0.426)	(0.361)	(0.361)	(0.426)
time24_30	0.0594	-0.0979	0.0594	0.0594	-0.0979
	(0.365)	(0.420)	(0.365)	(0.365)	(0.420)
time24_31	0.190	0.0422	0.190	0.190	0.0422
	(0.378)	(0.431)	(0.378)	(0.378)	(0.431)
time24_32	0.0648	-0.0740	0.0648	0.0648	-0.0740
	(0.368)	(0.415)	(0.368)	(0.368)	(0.415)
time24_33	-0.0115	-0.141	-0.0115	-0.0115	-0.141
	(0.375)	(0.417)	(0.375)	(0.375)	(0.417)
time24_34	-0.134	-0.254	-0.134	-0.134	-0.254
	(0.403)	(0.445)	(0.403)	(0.403)	(0.445)
time24_35	-0.0325	-0.144	-0.0325	-0.0325	-0.144
	(0.382)	(0.418)	(0.382)	(0.382)	(0.418)
time24_36	-0.141	-0.243	-0.141	-0.141	-0.243
	(0.360)	(0.396)	(0.360)	(0.360)	(0.396)
time24_37	-0.226	-0.319	-0.226	-0.226	-0.319
	(0.310)	(0.345)	(0.310)	(0.310)	(0.345)
time24_38	-0.478	-0.561*	-0.478	-0.478	-0.561*
	(0.300)	(0.326)	(0.300)	(0.300)	(0.326)
time24_39	-0.536*	-0.610**	-0.536*	-0.536*	-0.610**
	(0.292)	(0.307)	(0.292)	(0.292)	(0.307)
time24_40	-0.633**	-0.698**	-0.633**	-0.633**	-0.698**
	(0.286)	(0.295)	(0.286)	(0.286)	(0.295)
time24_41	-0.517	-0.572*	-0.517	-0.517	-0.572*
	(0.329)	(0.332)	(0.329)	(0.329)	(0.332)
time24_42	-0.577**	-0.623**	-0.577**	-0.577**	-0.623**
	(0.276)	(0.279)	(0.276)	(0.276)	(0.279)
time24_43	-0.355	-0.392	-0.355	-0.355	-0.392
	(0.265)	(0.268)	(0.265)	(0.265)	(0.268)
time24_44	-0.475*	-0.503**	-0.475*	-0.475*	-0.503**
	(0.252)	(0.253)	(0.252)	(0.252)	(0.253)
time24_45	-0.257	-0.276	-0.257	-0.257	-0.276
	(0.256)	(0.258)	(0.256)	(0.256)	(0.258)
time24_46	-0.417	-0.426	-0.417	-0.417	-0.426
	(0.274)	(0.274)	(0.274)	(0.274)	(0.274)
months_from_start		0.0108***			0.0108***
		(0.00413)			(0.00413)
time24_0	0.435		0.435	0.435	
	(0.305)		(0.305)	(0.305)	
Constant	0.387	-1.980*	0.387	0.387	-1.980*
	(0.332)	(1.137)	(0.332)	(0.332)	(1.137)
					
Observations	7,571	7,571	7,571	7,571	7,571
R-squared	0.067	0.067	0.067	0.067	0.067
Number of id_numeric	171	171	171	171	171
Robust standard errors in parentheses					
*** p<0.01, ** p<0.05, * p<0.1					
